ID,Title_es,OctetNo,OctetCount,Contents_es,Note_es,noteIDs,codeTable,flagTable,Status,translated_by
grib2/5/0/12-15,"Datos en los puntos de la retícula, empaquetado simple",12-15,4,Valor de referencia (R) (valor de coma flotante IEEE de 32 bits),,,,,Operational,Original
grib2/5/0/16-17,"Datos en los puntos de la retícula, empaquetado simple",16-17,2,Factor de escala binario (E),,,,,Operational,Original
grib2/5/0/18-19,"Datos en los puntos de la retícula, empaquetado simple",18-19,2,Factor de escala decimal (D),,,,,Operational,Original
grib2/5/0/20,"Datos en los puntos de la retícula, empaquetado simple",20,1,Número de bits utilizados para cada valor empaquetado (empaquetado simple) o para cada valor de referencia de grupo (empaquetado complejo o diferenciación espacial),,,,,Operational,Original
grib2/5/0/21,"Datos en los puntos de la retícula, empaquetado simple",21,1,Tipo de los valores del campo de origen,(véase la Tabla de cifrado 5.1),,5.1,,Operational,Original
